# JUST Configuration File
# 2024 Dec 30 : throughput : spec
#
OPTICS 4.4 0.41 0.60 26.5 26.5 26.5 26.5 26.5
SPOT 19.1 20.9 24.4 27.8 31.3
VIGNET 0.85 0.84 0.83 0.81 0.79
FIBER 87.5
ARMS 3
MEDIUM_RESOLUTION 0
PARAM 0 365 570 4096 7
PARAM 1 540 745 4096 7
PARAM 2 720 925 4096 7
CAMERA 0 1.55  16 15.0 173 32.0 14.1 2.0e-4 4 100
CAMERA 1 1.55  16 15.0 173 32.0 14.1 1.0e-4 4 100
CAMERA 2 1.55  40 15.0 100 32.0 14.1 0.01   4 100
THRPUT
  365.0  0.6408  0.5060  1.0000  0.4434  0.6004  0.0863
  366.0  0.6426  0.5094  1.0000  0.4439  0.6113  0.0888
  367.0  0.6445  0.5128  1.0000  0.4420  0.6225  0.0909
  368.0  0.6464  0.5163  1.0000  0.4420  0.6341  0.0935
  369.0  0.6482  0.5197  1.0000  0.4554  0.6460  0.0991
  370.0  0.6501  0.5232  1.0000  0.4442  0.6581  0.0994
  371.0  0.6520  0.5268  1.0000  0.4618  0.6704  0.1063
  372.0  0.6539  0.5303  1.0000  0.4834  0.6829  0.1145
  373.0  0.6558  0.5339  1.0000  0.4903  0.6954  0.1194
  374.0  0.6577  0.5375  1.0000  0.4954  0.7079  0.1240
  375.0  0.6596  0.5411  1.0000  0.5000  0.7204  0.1285
  376.0  0.6615  0.5447  1.0000  0.5045  0.7326  0.1332
  377.0  0.6634  0.5484  1.0000  0.5087  0.7446  0.1378
  378.0  0.6653  0.5521  1.0000  0.5128  0.7562  0.1424
  379.0  0.6672  0.5558  1.0000  0.5171  0.7674  0.1471
  380.0  0.6691  0.5595  1.0000  0.5210  0.7781  0.1518
  381.0  0.6710  0.5633  1.0000  0.5248  0.7882  0.1563
  382.0  0.6730  0.5670  1.0000  0.5288  0.7978  0.1610
  383.0  0.6749  0.5709  1.0000  0.5322  0.8068  0.1654
  384.0  0.6768  0.5747  1.0000  0.5362  0.8152  0.1700
  385.0  0.6788  0.5786  1.0000  0.5403  0.8231  0.1747
  386.0  0.6807  0.5825  1.0000  0.5436  0.8305  0.1790
  387.0  0.6827  0.5864  1.0000  0.5457  0.8374  0.1829
  388.0  0.6846  0.5903  1.0000  0.5504  0.8438  0.1877
  389.0  0.6866  0.5943  1.0000  0.5541  0.8497  0.1921
  390.0  0.6885  0.5983  1.0000  0.5564  0.8551  0.1960
  391.0  0.6905  0.6023  1.0000  0.5570  0.8601  0.1992
  392.0  0.6925  0.6063  1.0000  0.5631  0.8647  0.2045
  393.0  0.6944  0.6104  1.0000  0.5659  0.8690  0.2084
  394.0  0.6964  0.6145  1.0000  0.5681  0.8729  0.2122
  395.0  0.6984  0.6187  1.0000  0.5697  0.8766  0.2158
  396.0  0.7004  0.6228  1.0000  0.5711  0.8801  0.2193
  397.0  0.7024  0.6270  1.0000  0.5745  0.8834  0.2235
  398.0  0.7044  0.6312  1.0000  0.5769  0.8866  0.2274
  399.0  0.7064  0.6355  1.0000  0.5733  0.8897  0.2290
  400.0  0.7084  0.6397  1.0000  0.5815  0.8929  0.2353
  401.0  0.7087  0.6415  1.0000  0.5832  0.8960  0.2376
  402.0  0.7091  0.6433  1.0000  0.5861  0.8991  0.2404
  403.0  0.7095  0.6451  1.0000  0.5884  0.9022  0.2430
  404.0  0.7099  0.6469  1.0000  0.5904  0.9053  0.2454
  405.0  0.7103  0.6487  1.0000  0.5921  0.9081  0.2478
  406.0  0.7107  0.6505  1.0000  0.5938  0.9109  0.2501
  407.0  0.7111  0.6524  1.0000  0.5963  0.9134  0.2526
  408.0  0.7114  0.6542  1.0000  0.5985  0.9157  0.2551
  409.0  0.7118  0.6560  1.0000  0.5999  0.9178  0.2571
  410.0  0.7122  0.6578  1.0000  0.6021  0.9195  0.2594
  411.0  0.7126  0.6597  1.0000  0.6040  0.9209  0.2615
  412.0  0.7130  0.6615  1.0000  0.6054  0.9220  0.2633
  413.0  0.7134  0.6634  1.0000  0.6075  0.9228  0.2653
  414.0  0.7138  0.6652  1.0000  0.6095  0.9234  0.2672
  415.0  0.7141  0.6671  1.0000  0.6107  0.9238  0.2688
  416.0  0.7145  0.6690  1.0000  0.6121  0.9240  0.2703
  417.0  0.7149  0.6708  1.0000  0.6136  0.9241  0.2720
  418.0  0.7153  0.6727  1.0000  0.6147  0.9242  0.2734
  419.0  0.7157  0.6746  1.0000  0.6163  0.9242  0.2750
  420.0  0.7161  0.6765  1.0000  0.6184  0.9242  0.2768
  421.0  0.7165  0.6784  1.0000  0.6210  0.9243  0.2790
  422.0  0.7168  0.6803  1.0000  0.6229  0.9244  0.2808
  423.0  0.7172  0.6822  1.0000  0.6246  0.9245  0.2825
  424.0  0.7176  0.6841  1.0000  0.6260  0.9246  0.2841
  425.0  0.7180  0.6860  1.0000  0.6273  0.9247  0.2857
  426.0  0.7184  0.6879  1.0000  0.6286  0.9248  0.2873
  427.0  0.7188  0.6898  1.0000  0.6299  0.9248  0.2888
  428.0  0.7192  0.6918  1.0000  0.6317  0.9249  0.2907
  429.0  0.7196  0.6937  1.0000  0.6336  0.9248  0.2925
  430.0  0.7200  0.6956  1.0000  0.6352  0.9247  0.2942
  431.0  0.7203  0.6976  1.0000  0.6366  0.9246  0.2958
  432.0  0.7207  0.6995  1.0000  0.6377  0.9243  0.2972
  433.0  0.7211  0.7015  1.0000  0.6390  0.9240  0.2987
  434.0  0.7215  0.7034  1.0000  0.6407  0.9237  0.3004
  435.0  0.7219  0.7054  1.0000  0.6425  0.9233  0.3021
  436.0  0.7223  0.7074  1.0000  0.6440  0.9228  0.3036
  437.0  0.7227  0.7094  1.0000  0.6452  0.9223  0.3051
  438.0  0.7231  0.7113  1.0000  0.6464  0.9217  0.3064
  439.0  0.7235  0.7133  1.0000  0.6484  0.9211  0.3082
  440.0  0.7238  0.7153  1.0000  0.6504  0.9205  0.3100
  441.0  0.7242  0.7173  1.0000  0.6521  0.9198  0.3116
  442.0  0.7246  0.7193  1.0000  0.6536  0.9191  0.3131
  443.0  0.7250  0.7213  1.0000  0.6548  0.9183  0.3145
  444.0  0.7254  0.7234  1.0000  0.6555  0.9176  0.3156
  445.0  0.7258  0.7254  1.0000  0.6573  0.9168  0.3173
  446.0  0.7262  0.7274  1.0000  0.6594  0.9161  0.3191
  447.0  0.7266  0.7294  1.0000  0.6612  0.9153  0.3207
  448.0  0.7270  0.7315  1.0000  0.6628  0.9145  0.3223
  449.0  0.7274  0.7335  1.0000  0.6644  0.9137  0.3239
  450.0  0.7278  0.7356  1.0000  0.6659  0.9130  0.3254
  451.0  0.7281  0.7376  1.0000  0.6673  0.9122  0.3269
  452.0  0.7285  0.7397  1.0000  0.6690  0.9115  0.3286
  453.0  0.7289  0.7418  1.0000  0.6704  0.9108  0.3302
  454.0  0.7293  0.7438  1.0000  0.6719  0.9101  0.3317
  455.0  0.7297  0.7459  1.0000  0.6737  0.9094  0.3335
  456.0  0.7301  0.7480  1.0000  0.6754  0.9087  0.3352
  457.0  0.7305  0.7501  1.0000  0.6772  0.9080  0.3369
  458.0  0.7309  0.7522  1.0000  0.6788  0.9073  0.3386
  459.0  0.7313  0.7543  1.0000  0.6803  0.9067  0.3402
  460.0  0.7317  0.7564  1.0000  0.6816  0.9060  0.3418
  461.0  0.7321  0.7585  1.0000  0.6828  0.9053  0.3432
  462.0  0.7325  0.7606  1.0000  0.6841  0.9046  0.3448
  463.0  0.7329  0.7628  1.0000  0.6858  0.9040  0.3466
  464.0  0.7333  0.7649  1.0000  0.6871  0.9033  0.3481
  465.0  0.7337  0.7670  1.0000  0.6884  0.9027  0.3497
  466.0  0.7340  0.7692  1.0000  0.6894  0.9021  0.3511
  467.0  0.7344  0.7713  1.0000  0.6888  0.9014  0.3518
  468.0  0.7348  0.7735  1.0000  0.6894  0.9009  0.3530
  469.0  0.7352  0.7756  1.0000  0.6933  0.9003  0.3559
  470.0  0.7356  0.7778  1.0000  0.6949  0.8998  0.3577
  471.0  0.7360  0.7800  1.0000  0.6961  0.8992  0.3594
  472.0  0.7364  0.7822  1.0000  0.6973  0.8988  0.3610
  473.0  0.7368  0.7844  1.0000  0.6985  0.8983  0.3626
  474.0  0.7372  0.7865  1.0000  0.6997  0.8979  0.3643
  475.0  0.7376  0.7887  1.0000  0.7008  0.8975  0.3659
  476.0  0.7380  0.7910  1.0000  0.7019  0.8971  0.3675
  477.0  0.7384  0.7932  1.0000  0.7028  0.8968  0.3691
  478.0  0.7388  0.7954  1.0000  0.7037  0.8964  0.3707
  479.0  0.7392  0.7976  1.0000  0.7044  0.8961  0.3722
  480.0  0.7396  0.7998  1.0000  0.7049  0.8958  0.3735
  481.0  0.7400  0.8021  1.0000  0.7054  0.8956  0.3749
  482.0  0.7404  0.8043  1.0000  0.7061  0.8953  0.3765
  483.0  0.7408  0.8066  1.0000  0.7054  0.8951  0.3772
  484.0  0.7412  0.8088  1.0000  0.7048  0.8948  0.3781
  485.0  0.7416  0.8111  1.0000  0.7089  0.8946  0.3814
  486.0  0.7420  0.8133  1.0000  0.7099  0.8944  0.3832
  487.0  0.7424  0.8156  1.0000  0.7106  0.8942  0.3847
  488.0  0.7428  0.8179  1.0000  0.7114  0.8940  0.3863
  489.0  0.7432  0.8202  1.0000  0.7124  0.8937  0.3881
  490.0  0.7436  0.8225  1.0000  0.7132  0.8935  0.3897
  491.0  0.7440  0.8248  1.0000  0.7137  0.8933  0.3912
  492.0  0.7443  0.8271  1.0000  0.7128  0.8930  0.3919
  493.0  0.7447  0.8294  1.0000  0.7124  0.8927  0.3928
  494.0  0.7451  0.8317  1.0000  0.7150  0.8924  0.3954
  495.0  0.7455  0.8340  1.0000  0.7157  0.8921  0.3970
  496.0  0.7459  0.8364  1.0000  0.7161  0.8918  0.3984
  497.0  0.7463  0.8387  1.0000  0.7163  0.8914  0.3997
  498.0  0.7467  0.8411  1.0000  0.7164  0.8910  0.4009
  499.0  0.7471  0.8434  1.0000  0.7162  0.8906  0.4019
  500.0  0.7475  0.8458  1.0000  0.7156  0.8902  0.4027
  501.0  0.7473  0.8462  1.0000  0.7147  0.8897  0.4021
  502.0  0.7471  0.8467  1.0000  0.7132  0.8892  0.4011
  503.0  0.7468  0.8472  1.0000  0.7115  0.8887  0.4001
  504.0  0.7466  0.8477  1.0000  0.7140  0.8882  0.4013
  505.0  0.7463  0.8481  1.0000  0.7147  0.8877  0.4016
  506.0  0.7461  0.8486  1.0000  0.7146  0.8872  0.4014
  507.0  0.7458  0.8491  1.0000  0.7140  0.8868  0.4010
  508.0  0.7456  0.8496  1.0000  0.7128  0.8864  0.4002
  509.0  0.7453  0.8500  1.0000  0.7100  0.8861  0.3986
  510.0  0.7451  0.8505  1.0000  0.7088  0.8858  0.3979
  511.0  0.7449  0.8510  1.0000  0.7105  0.8857  0.3989
  512.0  0.7446  0.8515  1.0000  0.7108  0.8856  0.3991
  513.0  0.7444  0.8519  1.0000  0.7104  0.8855  0.3989
  514.0  0.7441  0.8524  1.0000  0.7098  0.8855  0.3987
  515.0  0.7439  0.8529  1.0000  0.7090  0.8855  0.3983
  516.0  0.7436  0.8534  1.0000  0.7079  0.8855  0.3978
  517.0  0.7434  0.8538  1.0000  0.7064  0.8855  0.3971
  518.0  0.7432  0.8543  1.0000  0.7044  0.8855  0.3960
  519.0  0.7429  0.8548  1.0000  0.7029  0.8854  0.3952
  520.0  0.7427  0.8553  1.0000  0.7030  0.8852  0.3953
  521.0  0.7424  0.8557  1.0000  0.7023  0.8850  0.3949
  522.0  0.7422  0.8562  1.0000  0.7011  0.8847  0.3942
  523.0  0.7419  0.8567  1.0000  0.6998  0.8844  0.3934
  524.0  0.7417  0.8572  1.0000  0.6983  0.8840  0.3925
  525.0  0.7415  0.8577  1.0000  0.6968  0.8837  0.3915
  526.0  0.7412  0.8581  1.0000  0.6951  0.8834  0.3906
  527.0  0.7410  0.8586  1.0000  0.6934  0.8832  0.3896
  528.0  0.7407  0.8591  1.0000  0.6916  0.8830  0.3886
  529.0  0.7405  0.8596  1.0000  0.6897  0.8829  0.3876
  530.0  0.7403  0.8601  1.0000  0.6877  0.8830  0.3866
  531.0  0.7400  0.8605  1.0000  0.6856  0.8832  0.3856
  532.0  0.7398  0.8610  1.0000  0.6833  0.8836  0.3846
  533.0  0.7395  0.8615  1.0000  0.6810  0.8840  0.3835
  534.0  0.7393  0.8620  1.0000  0.6785  0.8846  0.3825
  535.0  0.7390  0.8625  1.0000  0.6761  0.8851  0.3815
  536.0  0.7388  0.8629  1.0000  0.6738  0.8857  0.3805
  537.0  0.7386  0.8634  1.0000  0.6713  0.8862  0.3793
  538.0  0.7383  0.8639  1.0000  0.6685  0.8867  0.3781
  539.0  0.7381  0.8644  1.0000  0.6656  0.8871  0.3767
  540.0  0.7378  0.8649  1.0000  0.6625  0.8874  0.3752
  541.0  0.7376  0.8654  1.0000  0.6592  0.8876  0.3735
  542.0  0.7373  0.8658  1.0000  0.6556  0.8876  0.3715
  543.0  0.7371  0.8663  1.0000  0.6515  0.8876  0.3693
  544.0  0.7369  0.8668  1.0000  0.6465  0.8875  0.3665
  545.0  0.7366  0.8673  1.0000  0.6400  0.8874  0.3629
  546.0  0.7364  0.8678  1.0000  0.6306  0.8873  0.3575
  547.0  0.7361  0.8683  1.0000  0.6155  0.8872  0.3490
  548.0  0.7359  0.8687  1.0000  0.5896  0.8871  0.3344
  549.0  0.7357  0.8692  1.0000  0.5450  0.8870  0.3091
  550.0  0.7354  0.8697  1.0000  0.4741  0.8871  0.2690
  551.0  0.7352  0.8702  1.0000  0.3795  0.8872  0.2154
  552.0  0.7349  0.8707  1.0000  0.2707  0.8875  0.1537
  553.0  0.7347  0.8712  1.0000  0.1530  0.8878  0.0869
  554.0  0.7345  0.8717  1.0000  0.0544  0.8881  0.0310
  555.0  0.7342  0.8721  1.0000  0.0092  0.8885  0.0053
  556.0  0.7340  0.8726  1.0000  0.0013  0.8889  0.0007
  557.0  0.7337  0.8731  1.0000  0.0034  0.8893  0.0019
  558.0  0.7335  0.8736  1.0000  0.0047  0.8897  0.0027
  559.0  0.7333  0.8741  1.0000  0.0040  0.8900  0.0023
  560.0  0.7330  0.8746  1.0000  0.0027  0.8903  0.0015
  561.0  0.7328  0.8751  1.0000  0.0017  0.8904  0.0010
  562.0  0.7325  0.8756  1.0000  0.0017  0.8906  0.0010
  563.0  0.7323  0.8760  1.0000  0.0023  0.8906  0.0013
  564.0  0.7320  0.8765  1.0000  0.0030  0.8907  0.0017
  565.0  0.7318  0.8770  1.0000  0.0035  0.8907  0.0020
  566.0  0.7316  0.8775  1.0000  0.0033  0.8908  0.0019
  567.0  0.7313  0.8780  1.0000  0.0025  0.8908  0.0014
  568.0  0.7311  0.8785  1.0000  0.0014  0.8909  0.0008
D
  540.0  0.7378  0.8649  1.0000  0.0017  0.8874  0.0009
  541.0  0.7376  0.8654  1.0000  0.0022  0.8876  0.0012
  542.0  0.7373  0.8658  1.0000  0.0029  0.8876  0.0016
  543.0  0.7371  0.8663  1.0000  0.0040  0.8876  0.0023
  544.0  0.7369  0.8668  1.0000  0.0058  0.8875  0.0033
  545.0  0.7366  0.8673  1.0000  0.0090  0.8874  0.0051
  546.0  0.7364  0.8678  1.0000  0.0148  0.8873  0.0084
  547.0  0.7361  0.8683  1.0000  0.0256  0.8872  0.0145
  548.0  0.7359  0.8687  1.0000  0.0463  0.8871  0.0263
  549.0  0.7357  0.8692  1.0000  0.0845  0.8870  0.0479
  550.0  0.7354  0.8697  1.0000  0.1475  0.8871  0.0837
  551.0  0.7352  0.8702  1.0000  0.2338  0.8872  0.1327
  552.0  0.7349  0.8707  1.0000  0.3353  0.8875  0.1904
  553.0  0.7347  0.8712  1.0000  0.4472  0.8878  0.2541
  554.0  0.7345  0.8717  1.0000  0.5432  0.8881  0.3089
  555.0  0.7342  0.8721  1.0000  0.5898  0.8885  0.3356
  556.0  0.7340  0.8726  1.0000  0.6004  0.8889  0.3418
  557.0  0.7337  0.8731  1.0000  0.6011  0.8893  0.3425
  558.0  0.7335  0.8736  1.0000  0.6026  0.8897  0.3435
  559.0  0.7333  0.8741  1.0000  0.6059  0.8900  0.3456
  560.0  0.7330  0.8746  1.0000  0.6099  0.8903  0.3481
  561.0  0.7328  0.8751  1.0000  0.6143  0.8904  0.3507
  562.0  0.7325  0.8756  1.0000  0.6178  0.8906  0.3529
  563.0  0.7323  0.8760  1.0000  0.6205  0.8906  0.3545
  564.0  0.7320  0.8765  1.0000  0.6229  0.8907  0.3560
  565.0  0.7318  0.8770  1.0000  0.6255  0.8907  0.3576
  566.0  0.7316  0.8775  1.0000  0.6287  0.8908  0.3595
  567.0  0.7313  0.8780  1.0000  0.6323  0.8908  0.3617
  568.0  0.7311  0.8785  1.0000  0.6356  0.8909  0.3637
  569.0  0.7308  0.8790  1.0000  0.6390  0.8911  0.3658
  570.0  0.7306  0.8795  1.0000  0.6419  0.8913  0.3676
  571.0  0.7304  0.8800  1.0000  0.6428  0.8916  0.3684
  572.0  0.7301  0.8805  1.0000  0.6426  0.8920  0.3685
  573.0  0.7299  0.8810  1.0000  0.6458  0.8924  0.3706
  574.0  0.7296  0.8814  1.0000  0.6478  0.8929  0.3720
  575.0  0.7294  0.8819  1.0000  0.6504  0.8933  0.3738
  576.0  0.7292  0.8824  1.0000  0.6535  0.8938  0.3759
  577.0  0.7289  0.8829  1.0000  0.6568  0.8943  0.3780
  578.0  0.7287  0.8834  1.0000  0.6596  0.8948  0.3799
  579.0  0.7284  0.8839  1.0000  0.6616  0.8952  0.3814
  580.0  0.7282  0.8844  1.0000  0.6627  0.8955  0.3822
  581.0  0.7280  0.8849  1.0000  0.6632  0.8958  0.3827
  582.0  0.7277  0.8854  1.0000  0.6634  0.8960  0.3830
  583.0  0.7275  0.8859  1.0000  0.6640  0.8962  0.3835
  584.0  0.7273  0.8864  1.0000  0.6649  0.8963  0.3842
  585.0  0.7270  0.8869  1.0000  0.6664  0.8965  0.3852
  586.0  0.7268  0.8874  1.0000  0.6679  0.8966  0.3862
  587.0  0.7265  0.8879  1.0000  0.6693  0.8968  0.3871
  588.0  0.7263  0.8884  1.0000  0.6700  0.8969  0.3878
  589.0  0.7261  0.8889  1.0000  0.6702  0.8972  0.3880
  590.0  0.7258  0.8894  1.0000  0.6699  0.8975  0.3881
  591.0  0.7256  0.8899  1.0000  0.6695  0.8979  0.3881
  592.0  0.7253  0.8903  1.0000  0.6693  0.8983  0.3883
  593.0  0.7251  0.8908  1.0000  0.6698  0.8988  0.3888
  594.0  0.7249  0.8913  1.0000  0.6707  0.8993  0.3897
  595.0  0.7246  0.8918  1.0000  0.6721  0.8998  0.3908
  596.0  0.7244  0.8923  1.0000  0.6735  0.9004  0.3920
  597.0  0.7241  0.8928  1.0000  0.6747  0.9009  0.3930
  598.0  0.7239  0.8933  1.0000  0.6753  0.9014  0.3937
  599.0  0.7237  0.8938  1.0000  0.6754  0.9019  0.3940
  600.0  0.7234  0.8943  1.0000  0.6752  0.9023  0.3941
  601.0  0.7230  0.8947  1.0000  0.6747  0.9026  0.3939
  602.0  0.7225  0.8951  1.0000  0.6744  0.9029  0.3938
  603.0  0.7220  0.8955  1.0000  0.6746  0.9032  0.3939
  604.0  0.7215  0.8959  1.0000  0.6752  0.9034  0.3943
  605.0  0.7210  0.8963  1.0000  0.6764  0.9036  0.3950
  606.0  0.7206  0.8967  1.0000  0.6779  0.9038  0.3959
  607.0  0.7201  0.8971  1.0000  0.6792  0.9040  0.3966
  608.0  0.7196  0.8975  1.0000  0.6802  0.9042  0.3972
  609.0  0.7191  0.8979  1.0000  0.6808  0.9045  0.3976
  610.0  0.7187  0.8983  1.0000  0.6810  0.9048  0.3978
  611.0  0.7182  0.8987  1.0000  0.6810  0.9051  0.3979
  612.0  0.7177  0.8991  1.0000  0.6810  0.9056  0.3980
  613.0  0.7172  0.8995  1.0000  0.6813  0.9060  0.3983
  614.0  0.7168  0.8999  1.0000  0.6821  0.9065  0.3989
  615.0  0.7163  0.9003  1.0000  0.6833  0.9071  0.3997
  616.0  0.7158  0.9007  1.0000  0.6848  0.9076  0.4007
  617.0  0.7153  0.9012  1.0000  0.6863  0.9082  0.4018
  618.0  0.7149  0.9016  1.0000  0.6875  0.9087  0.4026
  619.0  0.7144  0.9020  1.0000  0.6883  0.9092  0.4033
  620.0  0.7139  0.9024  1.0000  0.6886  0.9098  0.4036
  621.0  0.7135  0.9028  1.0000  0.6884  0.9102  0.4036
  622.0  0.7130  0.9032  1.0000  0.6882  0.9107  0.4036
  623.0  0.7125  0.9036  1.0000  0.6880  0.9111  0.4036
  624.0  0.7120  0.9040  1.0000  0.6881  0.9115  0.4037
  625.0  0.7116  0.9044  1.0000  0.6885  0.9119  0.4040
  626.0  0.7111  0.9048  1.0000  0.6892  0.9123  0.4045
  627.0  0.7106  0.9052  1.0000  0.6901  0.9127  0.4051
  628.0  0.7102  0.9056  1.0000  0.6909  0.9130  0.4057
  629.0  0.7097  0.9060  1.0000  0.6915  0.9134  0.4061
  630.0  0.7092  0.9064  1.0000  0.6918  0.9138  0.4064
  631.0  0.7087  0.9068  1.0000  0.6917  0.9141  0.4064
  632.0  0.7083  0.9072  1.0000  0.6913  0.9145  0.4062
  633.0  0.7078  0.9076  1.0000  0.6906  0.9149  0.4059
  634.0  0.7073  0.9080  1.0000  0.6899  0.9152  0.4056
  635.0  0.7069  0.9084  1.0000  0.6894  0.9156  0.4053
  636.0  0.7064  0.9088  1.0000  0.6891  0.9160  0.4052
  637.0  0.7059  0.9092  1.0000  0.6889  0.9163  0.4052
  638.0  0.7055  0.9096  1.0000  0.6890  0.9166  0.4053
  639.0  0.7050  0.9101  1.0000  0.6892  0.9170  0.4055
  640.0  0.7045  0.9105  1.0000  0.6894  0.9173  0.4056
  641.0  0.7040  0.9109  1.0000  0.6894  0.9175  0.4057
  642.0  0.7036  0.9113  1.0000  0.6892  0.9178  0.4056
  643.0  0.7031  0.9117  1.0000  0.6889  0.9180  0.4054
  644.0  0.7026  0.9121  1.0000  0.6884  0.9183  0.4051
  645.0  0.7022  0.9125  1.0000  0.6879  0.9185  0.4049
  646.0  0.7017  0.9129  1.0000  0.6875  0.9188  0.4046
  647.0  0.7012  0.9133  1.0000  0.6872  0.9190  0.4044
  648.0  0.7008  0.9137  1.0000  0.6871  0.9193  0.4044
  649.0  0.7003  0.9141  1.0000  0.6874  0.9195  0.4046
  650.0  0.6998  0.9145  1.0000  0.6879  0.9198  0.4049
  651.0  0.6994  0.9149  1.0000  0.6887  0.9201  0.4055
  652.0  0.6989  0.9154  1.0000  0.6896  0.9204  0.4060
  653.0  0.6984  0.9158  1.0000  0.6903  0.9207  0.4065
  654.0  0.6980  0.9162  1.0000  0.6908  0.9210  0.4069
  655.0  0.6975  0.9166  1.0000  0.6911  0.9214  0.4071
  656.0  0.6970  0.9170  1.0000  0.6911  0.9217  0.4072
  657.0  0.6966  0.9174  1.0000  0.6910  0.9220  0.4072
  658.0  0.6961  0.9178  1.0000  0.6910  0.9224  0.4072
  659.0  0.6956  0.9182  1.0000  0.6911  0.9227  0.4073
  660.0  0.6952  0.9186  1.0000  0.6914  0.9230  0.4076
  661.0  0.6947  0.9190  1.0000  0.6920  0.9233  0.4079
  662.0  0.6943  0.9194  1.0000  0.6927  0.9236  0.4084
  663.0  0.6938  0.9199  1.0000  0.6935  0.9239  0.4089
  664.0  0.6933  0.9203  1.0000  0.6943  0.9241  0.4094
  665.0  0.6929  0.9207  1.0000  0.6949  0.9244  0.4098
  666.0  0.6924  0.9211  1.0000  0.6953  0.9246  0.4100
  667.0  0.6919  0.9215  1.0000  0.6954  0.9249  0.4101
  668.0  0.6915  0.9219  1.0000  0.6951  0.9251  0.4099
  669.0  0.6910  0.9223  1.0000  0.6947  0.9253  0.4097
  670.0  0.6906  0.9227  1.0000  0.6940  0.9256  0.4093
  671.0  0.6901  0.9232  1.0000  0.6934  0.9258  0.4089
  672.0  0.6896  0.9236  1.0000  0.6928  0.9261  0.4086
  673.0  0.6892  0.9240  1.0000  0.6924  0.9263  0.4084
  674.0  0.6887  0.9244  1.0000  0.6921  0.9265  0.4083
  675.0  0.6882  0.9248  1.0000  0.6922  0.9268  0.4083
  676.0  0.6878  0.9252  1.0000  0.6923  0.9270  0.4084
  677.0  0.6873  0.9256  1.0000  0.6925  0.9273  0.4085
  678.0  0.6869  0.9260  1.0000  0.6926  0.9275  0.4086
  679.0  0.6864  0.9265  1.0000  0.6924  0.9277  0.4085
  680.0  0.6859  0.9269  1.0000  0.6920  0.9279  0.4082
  681.0  0.6855  0.9273  1.0000  0.6912  0.9282  0.4078
  682.0  0.6850  0.9277  1.0000  0.6902  0.9284  0.4072
  683.0  0.6846  0.9281  1.0000  0.6890  0.9286  0.4065
  684.0  0.6841  0.9285  1.0000  0.6876  0.9288  0.4057
  685.0  0.6836  0.9289  1.0000  0.6864  0.9290  0.4050
  686.0  0.6832  0.9294  1.0000  0.6854  0.9292  0.4043
  687.0  0.6827  0.9298  1.0000  0.6845  0.9294  0.4038
  688.0  0.6823  0.9302  1.0000  0.6838  0.9295  0.4034
  689.0  0.6818  0.9306  1.0000  0.6833  0.9297  0.4031
  690.0  0.6813  0.9310  1.0000  0.6828  0.9299  0.4028
  691.0  0.6809  0.9314  1.0000  0.6824  0.9301  0.4025
  692.0  0.6804  0.9319  1.0000  0.6818  0.9302  0.4022
  693.0  0.6800  0.9323  1.0000  0.6811  0.9304  0.4017
  694.0  0.6795  0.9327  1.0000  0.6801  0.9305  0.4011
  695.0  0.6791  0.9331  1.0000  0.6789  0.9307  0.4004
  696.0  0.6786  0.9335  1.0000  0.6775  0.9308  0.3995
  697.0  0.6781  0.9339  1.0000  0.6761  0.9310  0.3986
  698.0  0.6777  0.9344  1.0000  0.6746  0.9311  0.3977
  699.0  0.6772  0.9348  1.0000  0.6733  0.9312  0.3969
  700.0  0.6768  0.9352  1.0000  0.6722  0.9314  0.3962
  701.0  0.6761  0.9353  1.0000  0.6713  0.9315  0.3954
  702.0  0.6754  0.9354  1.0000  0.6706  0.9316  0.3947
  703.0  0.6747  0.9355  1.0000  0.6701  0.9317  0.3941
  704.0  0.6740  0.9356  1.0000  0.6698  0.9318  0.3936
  705.0  0.6734  0.9357  1.0000  0.6694  0.9319  0.3930
  706.0  0.6727  0.9358  1.0000  0.6690  0.9320  0.3925
  707.0  0.6720  0.9359  1.0000  0.6684  0.9320  0.3918
  708.0  0.6713  0.9360  1.0000  0.6676  0.9321  0.3910
  709.0  0.6706  0.9361  1.0000  0.6667  0.9322  0.3901
  710.0  0.6699  0.9362  1.0000  0.6655  0.9322  0.3891
  711.0  0.6693  0.9363  1.0000  0.6642  0.9323  0.3881
  712.0  0.6686  0.9364  1.0000  0.6628  0.9323  0.3869
  713.0  0.6679  0.9365  1.0000  0.6614  0.9324  0.3858
  714.0  0.6672  0.9367  1.0000  0.6600  0.9324  0.3846
  715.0  0.6666  0.9368  1.0000  0.6587  0.9324  0.3835
  716.0  0.6659  0.9369  1.0000  0.6575  0.9324  0.3824
  717.0  0.6652  0.9370  1.0000  0.6563  0.9324  0.3814
  718.0  0.6645  0.9371  1.0000  0.6551  0.9324  0.3804
  719.0  0.6639  0.9372  1.0000  0.6539  0.9324  0.3793
  720.0  0.6632  0.9373  1.0000  0.6525  0.9324  0.3782
  721.0  0.6625  0.9374  1.0000  0.6508  0.9323  0.3768
  722.0  0.6618  0.9375  1.0000  0.6486  0.9323  0.3752
  723.0  0.6612  0.9376  1.0000  0.6455  0.9323  0.3730
  724.0  0.6605  0.9377  1.0000  0.6410  0.9322  0.3701
  725.0  0.6598  0.9378  1.0000  0.6345  0.9321  0.3659
  726.0  0.6591  0.9379  1.0000  0.6243  0.9321  0.3597
  727.0  0.6585  0.9380  1.0000  0.6082  0.9320  0.3501
  728.0  0.6578  0.9381  1.0000  0.5825  0.9319  0.3350
  729.0  0.6571  0.9382  1.0000  0.5428  0.9318  0.3118
  730.0  0.6564  0.9383  1.0000  0.4869  0.9317  0.2794
  731.0  0.6558  0.9384  1.0000  0.4206  0.9316  0.2411
  732.0  0.6551  0.9385  1.0000  0.3583  0.9314  0.2052
  733.0  0.6544  0.9386  1.0000  0.3103  0.9313  0.1775
  734.0  0.6538  0.9387  1.0000  0.2727  0.9312  0.1559
  735.0  0.6531  0.9389  1.0000  0.2331  0.9310  0.1331
  736.0  0.6524  0.9390  1.0000  0.1818  0.9308  0.1037
  737.0  0.6518  0.9391  1.0000  0.1204  0.9306  0.0686
  738.0  0.6511  0.9392  1.0000  0.0635  0.9304  0.0361
  739.0  0.6504  0.9393  1.0000  0.0254  0.9302  0.0144
  740.0  0.6498  0.9394  1.0000  0.0072  0.9300  0.0041
  741.0  0.6491  0.9395  1.0000  0.0011  0.9298  0.0006
  744.0  0.6471  0.9398  1.0000  0.0015  0.9290  0.0009
  745.0  0.6464  0.9399  1.0000  0.0018  0.9288  0.0010
D
  720.0  0.6632  0.9373  1.0000  0.0018  0.9340  0.0010
  721.0  0.6625  0.9374  1.0000  0.0026  0.9342  0.0015
  722.0  0.6618  0.9375  1.0000  0.0038  0.9344  0.0022
  723.0  0.6612  0.9376  1.0000  0.0058  0.9346  0.0034
  724.0  0.6605  0.9377  1.0000  0.0089  0.9348  0.0052
  725.0  0.6598  0.9378  1.0000  0.0140  0.9350  0.0081
  726.0  0.6591  0.9379  1.0000  0.0224  0.9352  0.0130
  727.0  0.6585  0.9380  1.0000  0.0365  0.9354  0.0211
  728.0  0.6578  0.9381  1.0000  0.0599  0.9356  0.0346
  729.0  0.6571  0.9382  1.0000  0.0970  0.9358  0.0559
  730.0  0.6564  0.9383  1.0000  0.1502  0.9360  0.0866
  731.0  0.6558  0.9384  1.0000  0.2140  0.9362  0.1233
  732.0  0.6551  0.9385  1.0000  0.2744  0.9364  0.1580
  733.0  0.6544  0.9386  1.0000  0.3212  0.9366  0.1848
  734.0  0.6538  0.9387  1.0000  0.3580  0.9367  0.2058
  735.0  0.6531  0.9389  1.0000  0.3971  0.9369  0.2281
  736.0  0.6524  0.9390  1.0000  0.4481  0.9371  0.2573
  737.0  0.6518  0.9391  1.0000  0.5095  0.9373  0.2923
  738.0  0.6511  0.9392  1.0000  0.5669  0.9375  0.3250
  739.0  0.6504  0.9393  1.0000  0.6058  0.9378  0.3471
  740.0  0.6498  0.9394  1.0000  0.6249  0.9380  0.3578
  741.0  0.6491  0.9395  1.0000  0.6318  0.9382  0.3615
  742.0  0.6484  0.9396  1.0000  0.6333  0.9385  0.3621
  743.0  0.6478  0.9397  1.0000  0.6334  0.9388  0.3619
  744.0  0.6471  0.9398  1.0000  0.6334  0.9390  0.3617
  745.0  0.6464  0.9399  1.0000  0.6339  0.9392  0.3617
  746.0  0.6458  0.9400  1.0000  0.6346  0.9395  0.3619
  747.0  0.6451  0.9401  1.0000  0.6354  0.9396  0.3621
  748.0  0.6444  0.9402  1.0000  0.6362  0.9398  0.3623
  749.0  0.6438  0.9403  1.0000  0.6370  0.9399  0.3625
  750.0  0.6431  0.9404  1.0000  0.6378  0.9400  0.3626
  751.0  0.6425  0.9405  1.0000  0.6384  0.9400  0.3626
  752.0  0.6418  0.9406  1.0000  0.6390  0.9400  0.3626
  753.0  0.6411  0.9407  1.0000  0.6399  0.9399  0.3628
  754.0  0.6405  0.9408  1.0000  0.6406  0.9399  0.3628
  755.0  0.6398  0.9410  1.0000  0.6413  0.9397  0.3628
  756.0  0.6392  0.9411  1.0000  0.6419  0.9396  0.3628
  757.0  0.6385  0.9412  1.0000  0.6424  0.9395  0.3627
  758.0  0.6378  0.9413  1.0000  0.6428  0.9393  0.3625
  759.0  0.6372  0.9414  1.0000  0.6432  0.9391  0.3623
  760.0  0.6365  0.9415  1.0000  0.6436  0.9390  0.3622
  761.0  0.6359  0.9416  1.0000  0.6440  0.9389  0.3620
  762.0  0.6352  0.9417  1.0000  0.6444  0.9387  0.3619
  763.0  0.6346  0.9418  1.0000  0.6449  0.9386  0.3618
  764.0  0.6339  0.9419  1.0000  0.6455  0.9385  0.3617
  765.0  0.6333  0.9420  1.0000  0.6461  0.9384  0.3617
  766.0  0.6326  0.9421  1.0000  0.6468  0.9383  0.3617
  767.0  0.6319  0.9422  1.0000  0.6475  0.9383  0.3617
  768.0  0.6313  0.9423  1.0000  0.6482  0.9382  0.3618
  769.0  0.6306  0.9424  1.0000  0.6490  0.9381  0.3618
  770.0  0.6300  0.9425  1.0000  0.6497  0.9380  0.3619
  771.0  0.6293  0.9426  1.0000  0.6504  0.9379  0.3619
  772.0  0.6287  0.9427  1.0000  0.6511  0.9378  0.3619
  773.0  0.6280  0.9428  1.0000  0.6516  0.9377  0.3618
  774.0  0.6274  0.9430  1.0000  0.6522  0.9376  0.3618
  775.0  0.6267  0.9431  1.0000  0.6527  0.9375  0.3616
  776.0  0.6261  0.9432  1.0000  0.6531  0.9374  0.3615
  777.0  0.6254  0.9433  1.0000  0.6535  0.9373  0.3614
  778.0  0.6248  0.9434  1.0000  0.6539  0.9372  0.3612
  779.0  0.6241  0.9435  1.0000  0.6543  0.9371  0.3610
  780.0  0.6235  0.9436  1.0000  0.6547  0.9370  0.3609
  781.0  0.6228  0.9437  1.0000  0.6552  0.9369  0.3608
  782.0  0.6222  0.9438  1.0000  0.6557  0.9368  0.3607
  783.0  0.6215  0.9439  1.0000  0.6564  0.9367  0.3607
  784.0  0.6209  0.9440  1.0000  0.6571  0.9366  0.3607
  785.0  0.6202  0.9441  1.0000  0.6579  0.9365  0.3608
  786.0  0.6196  0.9442  1.0000  0.6587  0.9364  0.3609
  787.0  0.6190  0.9443  1.0000  0.6596  0.9363  0.3610
  788.0  0.6183  0.9444  1.0000  0.6605  0.9362  0.3611
  789.0  0.6177  0.9445  1.0000  0.6615  0.9361  0.3612
  790.0  0.6170  0.9446  1.0000  0.6623  0.9360  0.3613
  791.0  0.6164  0.9447  1.0000  0.6631  0.9359  0.3614
  792.0  0.6157  0.9448  1.0000  0.6638  0.9358  0.3614
  793.0  0.6151  0.9450  1.0000  0.6643  0.9357  0.3613
  794.0  0.6145  0.9451  1.0000  0.6648  0.9356  0.3612
  795.0  0.6138  0.9452  1.0000  0.6652  0.9355  0.3611
  796.0  0.6132  0.9453  1.0000  0.6657  0.9354  0.3609
  797.0  0.6125  0.9454  1.0000  0.6662  0.9353  0.3608
  798.0  0.6119  0.9455  1.0000  0.6668  0.9352  0.3608
  799.0  0.6113  0.9456  1.0000  0.6674  0.9351  0.3607
  800.0  0.6106  0.9457  1.0000  0.6680  0.9350  0.3607
  801.0  0.6112  0.9452  1.0000  0.6688  0.9349  0.3612
  802.0  0.6118  0.9446  1.0000  0.6695  0.9347  0.3616
  803.0  0.6123  0.9441  1.0000  0.6701  0.9346  0.3620
  804.0  0.6129  0.9436  1.0000  0.6706  0.9344  0.3624
  805.0  0.6135  0.9431  1.0000  0.6712  0.9343  0.3628
  806.0  0.6141  0.9425  1.0000  0.6717  0.9341  0.3631
  807.0  0.6146  0.9420  1.0000  0.6721  0.9340  0.3635
  808.0  0.6152  0.9415  1.0000  0.6727  0.9338  0.3638
  809.0  0.6158  0.9410  1.0000  0.6733  0.9337  0.3642
  810.0  0.6164  0.9404  1.0000  0.6739  0.9335  0.3647
  811.0  0.6170  0.9399  1.0000  0.6746  0.9333  0.3651
  812.0  0.6175  0.9394  1.0000  0.6753  0.9332  0.3656
  813.0  0.6181  0.9389  1.0000  0.6760  0.9330  0.3660
  814.0  0.6187  0.9383  1.0000  0.6766  0.9329  0.3665
  815.0  0.6193  0.9378  1.0000  0.6773  0.9327  0.3669
  816.0  0.6199  0.9373  1.0000  0.6779  0.9326  0.3673
  817.0  0.6204  0.9368  1.0000  0.6785  0.9324  0.3677
  818.0  0.6210  0.9362  1.0000  0.6791  0.9323  0.3681
  819.0  0.6216  0.9357  1.0000  0.6796  0.9321  0.3685
  820.0  0.6222  0.9352  1.0000  0.6801  0.9320  0.3688
  821.0  0.6228  0.9347  1.0000  0.6805  0.9319  0.3691
  822.0  0.6233  0.9341  1.0000  0.6809  0.9317  0.3694
  823.0  0.6239  0.9336  1.0000  0.6813  0.9316  0.3697
  824.0  0.6245  0.9331  1.0000  0.6817  0.9314  0.3700
  825.0  0.6251  0.9326  1.0000  0.6821  0.9313  0.3703
  826.0  0.6257  0.9321  1.0000  0.6824  0.9311  0.3705
  827.0  0.6263  0.9315  1.0000  0.6827  0.9310  0.3708
  828.0  0.6268  0.9310  1.0000  0.6831  0.9308  0.3711
  829.0  0.6274  0.9305  1.0000  0.6834  0.9307  0.3713
  830.0  0.6280  0.9300  1.0000  0.6837  0.9305  0.3716
  831.0  0.6286  0.9295  1.0000  0.6840  0.9303  0.3718
  832.0  0.6292  0.9289  1.0000  0.6843  0.9302  0.3721
  833.0  0.6298  0.9284  1.0000  0.6846  0.9300  0.3723
  834.0  0.6304  0.9279  1.0000  0.6849  0.9299  0.3725
  835.0  0.6309  0.9274  1.0000  0.6852  0.9297  0.3728
  836.0  0.6315  0.9269  1.0000  0.6856  0.9296  0.3731
  837.0  0.6321  0.9264  1.0000  0.6860  0.9295  0.3734
  838.0  0.6327  0.9258  1.0000  0.6865  0.9293  0.3737
  839.0  0.6333  0.9253  1.0000  0.6871  0.9292  0.3741
  840.0  0.6339  0.9248  1.0000  0.6876  0.9290  0.3745
  841.0  0.6345  0.9243  1.0000  0.6881  0.9288  0.3748
  842.0  0.6351  0.9238  1.0000  0.6883  0.9287  0.3750
  843.0  0.6356  0.9233  1.0000  0.6882  0.9285  0.3750
  844.0  0.6362  0.9227  1.0000  0.6879  0.9284  0.3749
  845.0  0.6368  0.9222  1.0000  0.6873  0.9282  0.3747
  846.0  0.6374  0.9217  1.0000  0.6867  0.9281  0.3744
  847.0  0.6380  0.9212  1.0000  0.6861  0.9279  0.3742
  848.0  0.6386  0.9207  1.0000  0.6857  0.9278  0.3740
  849.0  0.6392  0.9202  1.0000  0.6855  0.9276  0.3740
  850.0  0.6398  0.9197  1.0000  0.6856  0.9275  0.3742
  851.0  0.6404  0.9191  1.0000  0.6858  0.9274  0.3743
  852.0  0.6410  0.9186  1.0000  0.6861  0.9272  0.3746
  853.0  0.6415  0.9181  1.0000  0.6865  0.9271  0.3748
  854.0  0.6421  0.9176  1.0000  0.6868  0.9269  0.3751
  855.0  0.6427  0.9171  1.0000  0.6871  0.9268  0.3753
  856.0  0.6433  0.9166  1.0000  0.6874  0.9266  0.3756
  857.0  0.6439  0.9161  1.0000  0.6875  0.9265  0.3757
  858.0  0.6445  0.9156  1.0000  0.6877  0.9263  0.3759
  859.0  0.6451  0.9150  1.0000  0.6877  0.9262  0.3760
  860.0  0.6457  0.9145  1.0000  0.6877  0.9260  0.3761
  861.0  0.6463  0.9140  1.0000  0.6876  0.9258  0.3761
  862.0  0.6469  0.9135  1.0000  0.6875  0.9257  0.3761
  863.0  0.6475  0.9130  1.0000  0.6872  0.9255  0.3760
  864.0  0.6481  0.9125  1.0000  0.6870  0.9254  0.3760
  865.0  0.6487  0.9120  1.0000  0.6867  0.9252  0.3759
  866.0  0.6493  0.9115  1.0000  0.6864  0.9251  0.3758
  867.0  0.6499  0.9110  1.0000  0.6861  0.9249  0.3757
  868.0  0.6505  0.9105  1.0000  0.6858  0.9248  0.3756
  869.0  0.6511  0.9099  1.0000  0.6855  0.9246  0.3755
  870.0  0.6517  0.9094  1.0000  0.6852  0.9245  0.3754
  871.0  0.6523  0.9089  1.0000  0.6849  0.9244  0.3753
  872.0  0.6529  0.9084  1.0000  0.6845  0.9242  0.3752
  873.0  0.6535  0.9079  1.0000  0.6842  0.9241  0.3751
  874.0  0.6541  0.9074  1.0000  0.6839  0.9240  0.3750
  875.0  0.6546  0.9069  1.0000  0.6835  0.9239  0.3749
  876.0  0.6552  0.9064  1.0000  0.6831  0.9237  0.3748
  877.0  0.6558  0.9059  1.0000  0.6827  0.9236  0.3746
  878.0  0.6564  0.9054  1.0000  0.6823  0.9234  0.3744
  879.0  0.6570  0.9049  1.0000  0.6818  0.9232  0.3743
  880.0  0.6576  0.9044  1.0000  0.6814  0.9230  0.3741
  881.0  0.6582  0.9039  1.0000  0.6810  0.9228  0.3739
  882.0  0.6588  0.9034  1.0000  0.6805  0.9225  0.3737
  883.0  0.6595  0.9029  1.0000  0.6801  0.9223  0.3734
  884.0  0.6601  0.9024  1.0000  0.6796  0.9221  0.3732
  885.0  0.6607  0.9019  1.0000  0.6791  0.9219  0.3730
  886.0  0.6613  0.9014  1.0000  0.6785  0.9217  0.3727
  887.0  0.6619  0.9009  1.0000  0.6779  0.9215  0.3725
  888.0  0.6625  0.9003  1.0000  0.6773  0.9215  0.3722
  889.0  0.6631  0.8998  1.0000  0.6766  0.9214  0.3720
  890.0  0.6637  0.8993  1.0000  0.6759  0.9215  0.3718
  891.0  0.6643  0.8988  1.0000  0.6752  0.9216  0.3715
  892.0  0.6649  0.8983  1.0000  0.6744  0.9218  0.3713
  893.0  0.6655  0.8978  1.0000  0.6736  0.9220  0.3711
  894.0  0.6661  0.8973  1.0000  0.6727  0.9222  0.3708
  895.0  0.6667  0.8968  1.0000  0.6719  0.9222  0.3705
  896.0  0.6673  0.8963  1.0000  0.6710  0.9222  0.3701
  897.0  0.6679  0.8958  1.0000  0.6701  0.9220  0.3696
  898.0  0.6685  0.8953  1.0000  0.6691  0.9216  0.3691
  899.0  0.6691  0.8948  1.0000  0.6682  0.9209  0.3684
  900.0  0.6697  0.8943  1.0000  0.6672  0.9200  0.3677
  901.0  0.6708  0.8948  1.0000  0.6662  0.9188  0.3674
  902.0  0.6718  0.8953  1.0000  0.6651  0.9172  0.3670
  903.0  0.6729  0.8958  1.0000  0.6640  0.9154  0.3664
  904.0  0.6740  0.8963  1.0000  0.6629  0.9134  0.3658
  905.0  0.6750  0.8968  1.0000  0.6617  0.9113  0.3650
  906.0  0.6761  0.8973  1.0000  0.6605  0.9090  0.3642
  907.0  0.6772  0.8978  1.0000  0.6592  0.9065  0.3633
  908.0  0.6782  0.8983  1.0000  0.6580  0.9040  0.3624
  909.0  0.6793  0.8988  1.0000  0.6567  0.9015  0.3614
  910.0  0.6804  0.8993  1.0000  0.6553  0.8990  0.3605
  911.0  0.6814  0.8998  1.0000  0.6540  0.8965  0.3595
  912.0  0.6825  0.9003  1.0000  0.6527  0.8941  0.3586
  913.0  0.6836  0.9009  1.0000  0.6514  0.8917  0.3576
  914.0  0.6846  0.9014  1.0000  0.6500  0.8893  0.3567
  915.0  0.6857  0.9019  1.0000  0.6486  0.8869  0.3558
  916.0  0.6868  0.9024  1.0000  0.6473  0.8845  0.3548
  917.0  0.6879  0.9029  1.0000  0.6459  0.8821  0.3538
  918.0  0.6889  0.9034  1.0000  0.6444  0.8798  0.3528
  919.0  0.6900  0.9039  1.0000  0.6430  0.8774  0.3518
  920.0  0.6911  0.9044  1.0000  0.6415  0.8750  0.3508
  921.0  0.6922  0.9049  1.0000  0.6400  0.8726  0.3498
  922.0  0.6933  0.9054  1.0000  0.6385  0.8702  0.3487
  923.0  0.6943  0.9059  1.0000  0.6370  0.8677  0.3476
  924.0  0.6954  0.9064  1.0000  0.6357  0.8652  0.3467
  925.0  0.6965  0.9069  1.0000  0.6344  0.8627  0.3457
D